{"40940": {"UTC": "2023-04-01 12:00:00", "state": [[-36358992.74041334], [21364780.770054217], [63697.12179070668], [-1557.9261879257458], [-2651.5898304869593], [3.228935422574012]], "covar": [[458.95104446783307, 345.2416074020304, -0.5274927115923701, -0.03739594621237859, 0.006895022487091322, 6.762460205136795e-05], [345.2416074020304, 374.0174448123136, -0.6579330753595676, -0.029903511385483677, 0.010903286606693012, 5.332168382725198e-05], [-0.5274927115923701, -0.6579330753595676, 197.72779575671194, 7.27787464768504e-05, -1.4174076493099102e-05, -7.785322670409278e-07], [-0.03739594621237859, -0.029903511385483677, 7.27787464768504e-05, 3.1564645136541556e-06, -7.105374205989014e-07, -3.7220019853270724e-09], [0.006895022487091322, 0.010903286606693012, -1.4174076493099102e-05, -7.105374205989014e-07, 4.387274025416368e-07, 1.3921013465995593e-09], [6.762460205136795e-05, 5.332168382725198e-05, -7.785322670409278e-07, -3.7220019853270724e-09, 1.3921013465995593e-09, 1.0729857836725348e-06]]}, "90006": {"UTC": "2023-04-01 12:00:00", "state": [[-36359435.3710284], [21364955.201708276], [63820.67902389185], [-1555.7400068753452], [-2651.457623098651], [1203.2263948055815]], "covar": [[6191115.846175248, 3274215.579440652, -2099175.44406122, -507.01299741629447, 71.16970513584516, 74.81732415248025], [3274215.579440652, 3278872.9115314162, -1354445.770537765, -285.4146575854912, 95.889670590626, 20.60437512656979], [-2099175.44406122, -1354445.770537765, 2072024.0497432242, 194.87452225822975, -50.56763535497448, -33.98194764904451], [-507.01299741629447, -285.4146575854912, 194.87452225822975, 0.04300891318664506, -0.006760760122649778, -0.004481521779792697], [71.16970513584516, 95.889670590626, -50.56763535497448, -0.006760760122649778, 0.004603883945336017, 0.002880440377790905], [74.81732415248025, 20.60437512656979, -33.98194764904451, -0.004481521779792697, 0.002880440377790905, 0.009075920219323358]]}}