{"36585": {"UTC": "2023-04-01 12:00:00", "state": [[13282896.834786577], [20215196.15734972], [10962787.727439567], [-1365.6479363625288], [2417.8089237588338], [-2702.04730503886]], "covar": [[171.66879953502482, -124.2298409628011, 7.832997208316582, 0.008702276937307935, 0.012665039893243068, 0.006959938939733244], [-124.2298409628011, 551.1400396926945, -292.47808430839575, -0.03005163910239892, -0.0769721427931266, -0.01375127322587342], [7.832997208316582, -292.47808430839575, 311.02696438378405, 0.021922854063625312, 0.044276140383712706, 0.014584332337358523], [0.008702276937307935, -0.03005163910239892, 0.021922854063625312, 4.832623678917313e-06, 3.7085780875044426e-06, -5.707793003072956e-07], [0.012665039893243068, -0.0769721427931266, 0.044276140383712706, 3.7085780875044426e-06, 1.1337472835049785e-05, 2.5714979314671553e-06], [0.006959938939733244, -0.01375127322587342, 0.014584332337358523, -5.707793003072956e-07, 2.5714979314671553e-06, 2.62039677226693e-06]]}, "90014": {"UTC": "2023-04-01 12:00:00", "state": [[13282489.604736164], [20216207.7388797], [10963817.349970363], [2696.754065384334], [-372.97853522173057], [-2235.7933398502646]], "covar": [[4263067.532870051, -379761.91440146713, -1728951.9344748785, -371.58639163524106, -400.2851877139074, -181.31371015031706], [-379761.91440146713, 1197911.6793310032, -845000.6823162598, -38.67982712563694, -37.54147910841691, 45.968198413659835], [-1728951.9344748785, -845000.6823162598, 2662415.965853751, 179.02329353697834, 295.9268052025821, 114.29945717159436], [-371.58639163524106, -38.67982712563694, 179.02329353697834, 0.04876142396486322, 0.025656946719870486, 0.027428984162915497], [-400.2851877139074, -37.54147910841691, 295.9268052025821, 0.025656946719870486, 0.07190487826454273, 0.0026427113203694235], [-181.31371015031706, 45.968198413659835, 114.29945717159436, 0.027428984162915497, 0.0026427113203694235, 0.03512839144749634]]}}