{"45551": {"UTC": "2023-07-01 12:00:00", "state": [[-6430488.33170543], [1859082.3593779206], [-1783144.9590346895], [-2776.5342176090544], [-4108.266723642756], [5743.867093640817]], "covar": [[350.18344822242324, 197.2837395150943, -277.857916387451, -0.48881448284771006, 0.025444948676650328, 0.0181343833639648], [197.2837395150943, 280.03044257532366, -130.1152693751684, -0.3063661970639319, 0.049427433961766104, -0.03317248330363493], [-277.857916387451, -130.1152693751684, 399.80306480724846, 0.45823991446130274, -0.06839921035203826, 0.041969368209972616], [-0.48881448284771006, -0.3063661970639319, 0.45823991446130274, 0.0007436594826944401, -6.092624228598979e-05, 2.7554563006953593e-05], [0.025444948676650328, 0.049427433961766104, -0.06839921035203826, -6.092624228598979e-05, 0.00018264808062203042, 8.521953736570801e-05], [0.0181343833639648, -0.03317248330363493, 0.041969368209972616, 2.7554563006953593e-05, 8.521953736570801e-05, 0.00012606320598952786]]}, "90003": {"UTC": "2023-07-01 12:00:00", "state": [[-6430546.660864285], [1859103.9168643274], [-1783081.840428861], [2632.2615487053467], [4117.406489520778], [-5574.317222297776]], "covar": [[647126.3936833114, 405132.01430245937, -392131.322210806, 664.8897357203598, 95.13283150126195, -191.58620152678554], [405132.01430245937, 3857080.640067054, -2424085.667213614, 3319.1227563287944, -1684.4557174508848, 1795.2411386182973], [-392131.322210806, -2424085.667213614, 5181767.960664034, -4357.83853002107, 2105.76810299192, -2349.324852910248], [664.8897357203598, 3319.1227563287944, -4357.83853002107, 4.666624830497977, -1.9144419984707435, 2.282531606860487], [95.13283150126195, -1684.4557174508848, 2105.76810299192, -1.9144419984707435, 2.8813530281394777, -0.07700968589485492], [-191.58620152678554, 1795.2411386182973, -2349.324852910248, 2.282531606860487, -0.07700968589485492, 2.558738509755107]]}}