{"40697": {"UTC": "2023-04-01 12:00:00", "state": [[-1700338.7521026782], [-680222.6665978635], [-6938037.192447494], [-7034.611795268211], [1885.245302190203], [1539.499547457467]], "covar": [[730.2413131817037, -114.09351166254538, 65.79530833611966, -0.3286645117625669, -0.01577976533391475, -0.5964561307910475], [-114.09351166254538, 220.35899607136355, -34.01219559676603, 0.06236948725540088, 0.005768420823214065, 0.13109731231149957], [65.79530833611966, -34.01219559676603, 79.13867071278523, -0.0935247653294093, 0.01341658178105833, -0.054499803475259116], [-0.3286645117625669, 0.06236948725540088, -0.0935247653294093, 0.00021630453775832947, 4.1351849767898955e-05, 0.00026290277912760697], [-0.01577976533391475, 0.005768420823214065, 0.01341658178105833, 4.1351849767898955e-05, 0.00020660188248318638, -1.3925025101450659e-05], [-0.5964561307910475, 0.13109731231149957, -0.054499803475259116, 0.00026290277912760697, -1.3925025101450659e-05, 0.0005247178017075823]]}, "90018": {"UTC": "2023-04-01 12:00:00", "state": [[-1701270.1603899288], [-680361.8086556641], [-6938330.787705659], [7004.363564102814], [-2404.273491396301], [-1583.0941570680616]], "covar": [[5398199.24933508, -1580980.5714317176, -3049863.929501507, 50.88362419310386, 977.0346061739614, 5742.357965710809], [-1580980.5714317176, 2599390.984719781, 1077369.4337985725, 105.62932685846, -450.3988614599168, -2442.815517899176], [-3049863.929501507, 1077369.4337985725, 2798319.101413448, 695.2817543332811, -907.3391195767509, -4026.5639146595818], [50.88362419310386, 105.62932685846, 695.2817543332811, 0.6908838973019279, 0.31551513684709764, -0.4833168264031735], [977.0346061739614, -450.3988614599168, -907.3391195767509, 0.31551513684709764, 2.084559042799641, 1.0326004649757246], [5742.357965710809, -2442.815517899176, -4026.5639146595818, -0.4833168264031735, 1.0326004649757246, 7.13132632873887]]}}