{"20580": {"UTC": "2023-04-01 12:00:00", "state": [[-3617495.555043618], [-5881370.755618255], [-38273.66099421478], [5694.4834034597425], [-3479.9402960771113], [-3637.544297642142]], "covar": [[299.95612840649056, -280.6526668820318, -128.65199126281013, 0.15651238380241872, 0.36311951366992407, 0.033211200553189435], [-280.6526668820318, 417.1073699064857, 193.18166392967902, -0.12418650314023638, -0.5141364093671833, -0.09196062167961849], [-128.65199126281013, 193.18166392967902, 313.13514956652426, -0.10825071582921778, -0.3167954501905289, -0.041992579305019186], [0.15651238380241872, -0.12418650314023638, -0.10825071582921778, 0.000148100747680218, 0.00017108894864337676, 9.407818301715779e-05], [0.36311951366992407, -0.5141364093671833, -0.3167954501905289, 0.00017108894864337676, 0.0006984916824702957, 5.289421811643388e-05], [0.033211200553189435, -0.09196062167961849, -0.041992579305019186, 9.407818301715779e-05, 5.289421811643388e-05, 0.0002163081513032339]]}, "90010": {"UTC": "2023-04-01 12:00:00", "state": [[-3616607.5990394577], [-5882025.616416328], [-38766.53181795432], [-5555.801588147945], [3276.709196923831], [3628.41725251383]], "covar": [[5587081.571635599, -1238228.205419027, -2071710.978765143, -4118.9462818281345, -4095.5042401667233, 704.0738456823865], [-1238228.205419027, 926434.8513183697, 263232.6985909112, 490.92323318081577, 1173.1374090141085, 137.36359647140975], [-2071710.978765143, 263232.6985909112, 3083013.834340135, 2077.8349358381142, 2322.4770820012914, -360.6273218304893], [-4118.9462818281345, 490.92323318081577, 2077.8349358381142, 3.9250743049545136, 2.8402641805966806, 0.2843443549571823], [-4095.5042401667233, 1173.1374090141085, 2322.4770820012914, 2.8402641805966806, 3.9128866317249074, -1.0007526954269677], [704.0738456823865, 137.36359647140975, -360.6273218304893, 0.2843443549571823, -1.0007526954269677, 2.30102510230329]]}}