{"41240": {"UTC": "2023-04-01 12:00:00", "state": [[4536087.213802212], [6170361.517142554], [951010.5946812924], [-2838.1722315122197], [1083.2447813634597], [6516.539907528348]], "covar": [[158.8751439094877, -105.47053056236403, -83.95195658572055, 0.06929273579022421, 0.09141184517629947, 0.010475349057773614], [-105.47053056236403, 218.66547397946, 214.4727127568109, -0.09850924019210315, -0.20749357241415264, -0.12640223229772066], [-83.95195658572055, 214.4727127568109, 652.8331082851491, -0.26271407950866726, -0.45819933002510355, -0.20009858298690136], [0.06929273579022421, -0.09850924019210315, -0.26271407950866726, 0.0002102718553740119, 0.00012807660276917515, 0.0001226767852281624], [0.09141184517629947, -0.20749357241415264, -0.45819933002510355, 0.00012807660276917515, 0.0004152841037712548, 0.00012182462640587328], [0.010475349057773614, -0.12640223229772066, -0.20009858298690136, 0.0001226767852281624, 0.00012182462640587328, 0.00013595612403658267]]}, "90022": {"UTC": "2023-04-01 12:00:00", "state": [[4535911.845342255], [6170602.673536768], [951184.6142880326], [2592.216953379698], [-729.4599147679967], [-6815.054003318417]], "covar": [[17287.476050273366, 1067.0054430199204, -14782.546222663224, -12.561168349393979, -13.205239701951946, 4.074886950838052], [1067.0054430199204, 7065.654285848172, -6541.214739535027, -4.977970819472354, -4.342596649765119, 3.1603844623932265], [-14782.546222663224, -6541.214739535027, 29887.88285061106, 18.300267312668797, 20.78716409133747, -3.2680701911248304], [-12.561168349393979, -4.977970819472354, 18.300267312668797, 0.01755968977289692, 0.010888691750237765, -0.0017588922350023285], [-13.205239701951946, -4.342596649765119, 20.78716409133747, 0.010888691750237765, 0.01875838631850453, -0.00464264526546034], [4.074886950838052, 3.1603844623932265, -3.2680701911248304, -0.0017588922350023285, -0.00464264526546034, 0.0036922221432010307]]}}