{"36585": {"UTC": "2023-07-01 12:00:00", "state": [[-14272876.312500233], [-19846483.966121864], [-10363146.788375994], [1322.499047388292], [-2348.8059877035425], [2784.9694474768085]], "covar": [[163.05320504789097, -114.0938391526677, 3.4963970941173175, 0.008040461041639102, 0.010411731975294183, 0.0065929161440702435], [-114.0938391526677, 532.3020076293461, -297.7428236488427, -0.03237042299329708, -0.0737218893094857, -0.01113050185659314], [3.4963970941173175, -297.7428236488427, 332.14589741278513, 0.02523451285120913, 0.04585366056491803, 0.01331605657634857], [0.008040461041639102, -0.03237042299329708, 0.02523451285120913, 5.132419507761479e-06, 3.917729237068936e-06, -5.943413967056661e-07], [0.010411731975294183, -0.0737218893094857, 0.04585366056491803, 3.917729237068936e-06, 1.097143340450706e-05, 2.309992921652535e-06], [0.0065929161440702435, -0.01113050185659314, 0.01331605657634857, -5.943413967056661e-07, 2.309992921652535e-06, 2.4988230638509264e-06]]}, "90015": {"UTC": "2023-07-01 12:00:00", "state": [[-14272774.415651701], [-19846818.745758317], [-10362755.159895482], [2802.782882174929], [-1159.6343551765365], [-1787.1850245225833]], "covar": [[28033.46240109531, -17873.81134208972, -15072.60050513932, 2.1781885272502803, 3.4566685535865918, 1.715791363547674], [-17873.81134208972, 20917.477004774493, 4065.908481712765, -0.8519765452150939, -2.7500684143872554, -1.361999142184214], [-15072.60050513932, 4065.908481712765, 31192.813639199205, -1.5407344939442056, -2.7620243666312785, -2.168692081409286], [2.1781885272502803, -0.8519765452150939, -1.5407344939442056, 0.0002692593341958948, 0.00020493087245355458, 0.0002358130627628468], [3.4566685535865918, -2.7500684143872554, -2.7620243666312785, 0.00020493087245355458, 0.0007448202914570485, 0.0001046129556596928], [1.715791363547674, -1.361999142184214, -2.168692081409286, 0.0002358130627628468, 0.0001046129556596928, 0.0005207504090175721]]}}