{"41240": {"UTC": "2023-07-01 12:00:00", "state": [[4768627.559391656], [5601485.854490338], [-2334040.1386994156], [-3614.9843360067694], [494.11238140396495], [-6194.724286414473]], "covar": [[172.84533336057652, -111.24981365559808, 150.0466662275173, 0.10164107515462024, 0.12512684714555436, -0.05932251035085321], [-111.24981365559808, 187.74725831742072, -148.40479378258135, -0.06627575163218108, -0.13526249106665106, 0.12882461589378016], [150.0466662275173, -148.40479378258135, 669.6726481736342, 0.2622387267527754, 0.41286428053943597, -0.30450269248849743], [0.10164107515462024, -0.06627575163218108, 0.2622387267527754, 0.0001917058659079366, 0.00010563799238873338, -0.00015268595059903656], [0.12512684714555436, -0.13526249106665106, 0.41286428053943597, 0.00010563799238873338, 0.000360598195941589, -0.00015504074968412268], [-0.05932251035085321, 0.12882461589378016, -0.30450269248849743, -0.00015268595059903656, -0.00015504074968412268, 0.00020888975970766933]]}, "90023": {"UTC": "2023-07-01 12:00:00", "state": [[4768008.034843802], [5601531.841113574], [-2334560.400516311], [4037.7038411777385], [-774.9671814823619], [6066.601879034418]], "covar": [[251237.2469198006, 17840.981033966196, 164752.00962718346, -193.4703473768954, -162.88368880172735, 0.9640540955702268], [17840.981033966196, 73194.00673858855, 53932.57485258463, -50.74626286338522, -32.03465857504854, -15.492905360905349], [164752.00962718346, 53932.57485258463, 218067.34771460263, -162.48298389591395, -152.607228335185, 23.667228291401035], [-193.4703473768954, -50.74626286338522, -162.48298389591395, 0.19889628003424697, 0.1146524495967299, -0.021073476841808315], [-162.88368880172735, -32.03465857504854, -152.607228335185, 0.1146524495967299, 0.16663604731434245, 0.01312463616530292], [0.9640540955702268, -15.492905360905349, 23.667228291401035, -0.021073476841808315, 0.01312463616530292, 0.03456239466618702]]}}