{"40940": {"UTC": "2023-10-01 12:00:00", "state": [[36492781.4206312], [-21133296.867371872], [-58962.844461383786], [1539.9834867184534], [2661.17319773189], [-4.711070199085545]], "covar": [[454.3115631486664, 345.57949256258405, -0.7233433265301296, -0.037234342826653416, 0.006581401868921195, 6.952479852758446e-05], [345.57949256258405, 378.29894947931507, -0.7964180491777634, -0.03020111471963584, 0.010750434405499713, 5.3010612302788275e-05], [-0.7233433265301296, -0.7964180491777634, 197.930153169992, 9.253703752586483e-05, -1.9746962743619405e-05, -4.715158215176718e-06], [-0.037234342826653416, -0.03020111471963584, 9.253703752586483e-05, 3.1649867261911026e-06, -6.927898767783291e-07, -3.703396197636513e-09], [0.006581401868921195, 0.010750434405499713, -1.9746962743619405e-05, -6.927898767783291e-07, 4.2975217801441307e-07, 1.773193460799283e-09], [6.952479852758446e-05, 5.3010612302788275e-05, -4.715158215176718e-06, -3.703396197636513e-09, 1.773193460799283e-09, 1.0736247487522925e-06]]}, "90008": {"UTC": "2023-10-01 12:00:00", "state": [[36493054.502619006], [-21132778.90919444], [-58880.64127833636], [1542.322955513277], [2661.9477733241897], [1195.2847310140457]], "covar": [[61612.76871900034, 32981.26339333385, 20710.908533462123, -5.064362751394027, 0.6739940175559127, -0.7291762137331853], [32981.26339333385, 33223.51481791085, 13530.892435932845, -2.894380265951724, 0.9447878181268117, -0.20052934032425773], [20710.908533462123, 13530.892435932845, 20570.068399882184, -1.9314243962436557, 0.48992360235935944, -0.33092293868359235], [-5.064362751394027, -2.894380265951724, -1.9314243962436557, 0.00043121183946126236, -6.519694938720343e-05, 4.375132333327067e-05], [0.6739940175559127, 0.9447878181268117, 0.48992360235935944, -6.519694938720343e-05, 4.5155707703070175e-05, -2.825421647846493e-05], [-0.7291762137331853, -0.20052934032425773, -0.33092293868359235, 4.375132333327067e-05, -2.825421647846493e-05, 9.05201061485716e-05]]}}