{"45551": {"UTC": "2023-04-01 12:00:00", "state": [[5515205.209590831], [1087059.8584119368], [4037218.958332526], [1831.6884442499747], [6101.495093446682], [-4132.881819547974]], "covar": [[265.99979722848207, 228.12037935274043, -154.51069995174677, -0.30696279532669507, -0.1673217849101305, -0.12303565775670712], [228.12037935274043, 570.3058714048532, -145.61194257488992, -0.5006606517217093, -0.21874769544453346, -0.2518090842721039], [-154.51069995174677, -145.61194257488992, 194.21058867466652, 0.19481304659849852, 0.054849053715665924, 0.12712505441887], [-0.30696279532669507, -0.5006606517217093, 0.19481304659849852, 0.000596653131279338, 0.00016148716294938075, 0.00017176981100684775], [-0.1673217849101305, -0.21874769544453346, 0.054849053715665924, 0.00016148716294938075, 0.00022044612006467924, 0.0001696462934209021], [-0.12303565775670712, -0.2518090842721039, 0.12712505441887, 0.00017176981100684775, 0.0001696462934209021, 0.0002388167012681663]]}, "90002": {"UTC": "2023-04-01 12:00:00", "state": [[5515555.618765165], [1087219.1899785944], [4037515.438941623], [-1750.9604777286706], [-5875.164265421691], [4157.322426743597]], "covar": [[10216.726992281565, -4098.7208079082, -5143.325817444791, 1.374325498003342, 3.977894827875328, -2.1431105813853026], [-4098.7208079082, 44050.172942263576, -27326.08704666002, 35.330691764053014, -0.32248295708387215, 32.50205802844985], [-5143.325817444791, -27326.08704666002, 42240.06619137032, -32.980255742062695, 3.472500766457364, -34.48844838675065], [1.374325498003342, 35.330691764053014, -32.980255742062695, 0.04378071355463797, -0.008824613407700362, 0.02423190441707904], [3.977894827875328, -0.32248295708387215, 3.472500766457364, -0.008824613407700362, 0.013192220869033464, 0.0053938683131207685], [-2.1431105813853026, 32.50205802844985, -34.48844838675065, 0.02423190441707904, 0.0053938683131207685, 0.04411478889264733]]}}