{"45551": {"UTC": "2023-10-01 12:00:00", "state": [[5065142.438834949], [-3457788.737195208], [-3223235.53539086], [755.2015956898549], [5702.519227754189], [-4940.400160926537]], "covar": [[199.54764239738958, 162.64907717355308, -118.15167923567968, -0.17993071967992966, 0.03404611234993147, 0.17832505434990292], [162.64907717355308, 310.31825616667635, -263.5410754169471, -0.296599865963171, 0.14677568206944788, 0.22878689063170587], [-118.15167923567968, -263.5410754169471, 520.2793811698331, 0.4154762888012467, -0.14351630857789618, -0.3647577052063203], [-0.17993071967992966, -0.296599865963171, 0.4154762888012467, 0.0005100323325967756, -7.932796733916424e-05, -0.00024465139342980065], [0.03404611234993147, 0.14677568206944788, -0.14351630857789618, -7.932796733916424e-05, 0.0001410677843482065, 0.0001618755163352617], [0.17832505434990292, 0.22878689063170587, -0.3647577052063203, -0.00024465139342980065, 0.0001618755163352617, 0.00040159588469431334]]}, "90004": {"UTC": "2023-10-01 12:00:00", "state": [[5065214.72703579], [-3457795.161798946], [-3223266.927746254], [-591.6058984244007], [-5589.481522163086], [4841.983027695285]], "covar": [[134.85822912137323, -28.143439453596162, 96.99533461945688, -0.058267564220165526, 0.08894774743785447, -0.003930234805775113], [-28.143439453596162, 568.12896224071, -241.12419978770268, 0.4013247954518202, -0.4039214541298129, -0.16140317614353097], [96.99533461945688, -241.12419978770268, 269.85581893213873, -0.23667568518747426, 0.19626393132207506, 0.12093913381594154], [-0.058267564220165526, 0.4013247954518202, -0.23667568518747426, 0.00044925508554597386, -0.00022808649283682046, -3.9193160494411966e-05], [0.08894774743785447, -0.4039214541298129, 0.19626393132207506, -0.00022808649283682046, 0.0003832055102881204, 0.0001742766030562702], [-0.003930234805775113, -0.16140317614353097, 0.12093913381594154, -3.9193160494411966e-05, 0.0001742766030562702, 0.0001816274427818942]]}}