{"40697": {"UTC": "2023-01-01 12:00:00", "state": [[-734736.6836610142], [1661980.6305924507], [-6941034.044782673], [1726.6044329466], [7079.855079406233], [1513.2578776135877]], "covar": [[215.363709844184, 101.94446255725045, -33.148164858692155, 0.006939234010753154, -0.054078434655356736, 0.11739323150262711], [101.94446255725045, 734.571322591807, -68.88594387424921, 0.024864573716328515, -0.3273565746211155, 0.6000677541446683], [-33.148164858692155, -68.88594387424921, 79.73256900286093, 0.011053266771927353, 0.0948375739725882, -0.057031807368245674], [0.006939234010753154, 0.024864573716328515, 0.011053266771927353, 0.00020860628333424188, -4.217105705554917e-05, -7.0585643060821965e-06], [-0.054078434655356736, -0.3273565746211155, 0.0948375739725882, -4.217105705554917e-05, 0.00021282278075623057, -0.0002621296887271911], [0.11739323150262711, 0.6000677541446683, -0.057031807368245674, -7.0585643060821965e-06, -0.0002621296887271911, 0.000526512011792561]]}, "90017": {"UTC": "2023-01-01 12:00:00", "state": [[-734556.9935724654], [1662289.6129763727], [-6941104.96474899], [-2246.769401261947], [-7064.039372136354], [-1555.666583267458]], "covar": [[253324.84065515775, 152553.85225770547, 100439.80909671949, -43.369892365837785, -12.636186883112497, -232.01065880579716], [152553.85225770547, 548904.7420334619, 306428.9121666979, -100.46147378470128, 0.29139215275728597, -581.1293490842792], [100439.80909671949, 306428.9121666979, 277955.88603095856, -89.77396147911166, -73.11437726029902, -400.597180266617], [-43.369892365837785, -100.46147378470128, -89.77396147911166, 0.21028110157970736, -0.027769127787625875, 0.1036186204114931], [-12.636186883112497, 0.29139215275728597, -73.11437726029902, -0.027769127787625875, 0.06812631041640041, 0.053178516041189006], [-232.01065880579716, -581.1293490842792, -400.597180266617, 0.1036186204114931, 0.053178516041189006, 0.7133873555875364]]}}