{"36585": {"UTC": "2023-10-01 12:00:00", "state": [[13849430.65765049], [21733297.76890566], [6654386.1541069895], [-1521.3128467790327], [1934.1620367466644], [-2982.5201692728333]], "covar": [[174.1855427500541, -136.89235968245225, 39.56552231320095, 0.010347959314280886, 0.016327502679527345, 0.004521796121352128], [-136.89235968245225, 448.87476394115106, -308.0685022012521, -0.02625764767551765, -0.06900013437283896, 0.002027489547347424], [39.56552231320095, -308.0685022012521, 410.5178264530303, 0.026709267900386902, 0.05730665478748347, 0.005124459994813587], [0.010347959314280886, -0.02625764767551765, 0.026709267900386902, 4.70760185262436e-06, 3.6265156941768354e-06, -1.3288563667412906e-06], [0.016327502679527345, -0.06900013437283896, 0.05730665478748347, 3.6265156941768354e-06, 1.1818726330068125e-05, 7.775170744481022e-07], [0.004521796121352128, 0.002027489547347424, 0.005124459994813587, -1.3288563667412906e-06, 7.775170744481022e-07, 2.145660613219071e-06]]}, "90016": {"UTC": "2023-10-01 12:00:00", "state": [[13849411.055485994], [21733251.3641538], [6654561.331012617], [2570.007622645345], [-764.4930773976066], [-2283.6480381402807]], "covar": [[410.4814963722405, -70.8092960936522, -173.02195929705783, -0.037215243045363174, -0.040710879232687354, -0.008669282301120018], [-70.8092960936522, 96.53280728167772, -50.31299128977942, -0.000253785929938492, 0.002604659196567, 0.006194919226082817], [-173.02195929705783, -50.31299128977942, 308.95719397275855, 0.021002313546711105, 0.033317808479198595, 0.004745293470133393], [-0.037215243045363174, -0.000253785929938492, 0.021002313546711105, 5.1773447664000184e-06, 2.9991301345320994e-06, 2.16617476883258e-06], [-0.040710879232687354, 0.002604659196567, 0.033317808479198595, 2.9991301345320994e-06, 7.115658001074346e-06, -5.525200193395843e-07], [-0.008669282301120018, 0.006194919226082817, 0.004745293470133393, 2.16617476883258e-06, -5.525200193395843e-07, 3.2700523596737e-06]]}}