{"20580": {"UTC": "2023-01-01 12:00:00", "state": [[2944969.8731337986], [-6249622.009041808], [-16710.65327535112], [6052.245651096224], [2847.9567921536495], [3612.2904088022356]], "covar": [[642.2865341124327, 58.21288502043093, 230.43528221287477, -0.42443274323790375, 0.504708038200709, -0.08954654207062017], [58.21288502043093, 77.98012550800259, 0.6388693853839098, 0.01636482899269271, 0.06405694815066514, 0.022898422639689137], [230.43528221287477, 0.6388693853839098, 309.8299254479372, -0.20303428400412585, 0.2609636613001911, -0.03847939091285752], [-0.42443274323790375, 0.01636482899269271, -0.20303428400412585, 0.00037599819907372994, -0.00032072990768062, -1.0057606389444346e-05], [0.504708038200709, 0.06405694815066514, 0.2609636613001911, -0.00032072990768062, 0.0004698542762459222, -0.00010380576049252], [-0.08954654207062017, 0.022898422639689137, -0.03847939091285752, -1.0057606389444346e-05, -0.00010380576049252, 0.00021470785283362963]]}, "90009": {"UTC": "2023-01-01 12:00:00", "state": [[2945467.9138663146], [-6249422.813933256], [-16360.074753257131], [-5894.79255830766], [-2872.8001857448035], [-3427.6815376626205]], "covar": [[35441.087575821206, 26845.710861137377, 13252.19253040294, 12.545016981863316, -40.84722565369511, -2.9436221304365984], [26845.710861137377, 30626.979595555702, 15022.457720477065, 5.744924057135019, -41.88565088263314, -6.5572277898738305], [13252.19253040294, 15022.457720477065, 29788.5303666594, 7.539495400031046, -28.540554275632598, -3.559095590552812], [12.545016981863316, 5.744924057135019, 7.539495400031046, 0.012522813997577405, -0.011281020922605994, -0.009525463121191626], [-40.84722565369511, -41.88565088263314, -28.540554275632598, -0.011281020922605994, 0.06501888601711121, 0.0031568284333617675], [-2.9436221304365984, -6.5572277898738305, -3.559095590552812, -0.009525463121191626, 0.0031568284333617675, 0.02354776450057537]]}}