{"40940": {"UTC": "2023-07-01 12:00:00", "state": [[-21566187.48779218], [-36240701.85471257], [20742.86260096606], [2642.4218760189724], [-1573.4615430269719], [-8.35390537410104]], "covar": [[370.05712464970713, -344.76950240188904, -0.7788876371780695, 0.011029438874699165, 0.02962937897080196, 1.2532499788207886e-07], [-344.76950240188904, 463.02258403744344, 1.1479750360680754, -0.00716928692461356, -0.037536016988135794, -1.774262257002848e-05], [-0.7788876371780695, 1.1479750360680754, 197.71674935457244, -3.544017363929862e-05, -0.00011290215432533457, 4.021998657803228e-06], [0.011029438874699165, -0.00716928692461356, -3.544017363929862e-05, 4.467485710351325e-07, 7.257960441441915e-07, 2.3206527608939727e-09], [0.02962937897080196, -0.037536016988135794, -0.00011290215432533457, 7.257960441441915e-07, 3.1490293042160546e-06, 1.2968961840837366e-10], [1.2532499788207886e-07, -1.774262257002848e-05, 4.021998657803228e-06, 2.3206527608939727e-09, 1.2968961840837366e-10, 1.0728872999376849e-06]]}, "90007": {"UTC": "2023-07-01 12:00:00", "state": [[-21565229.541766804], [-36241274.81262516], [20770.83496460331], [2645.5682731890424], [-1574.5529423193454], [1191.6388785796933]], "covar": [[3248725.8158564144, -3266862.761884083, 1329971.9205613486, 97.14830199101564, 282.55184219054826, -19.75473498671533], [-3266862.761884083, 6241063.181743782, -2086349.8860507126, -74.51608253712848, -509.0361663865799, 73.813800410126], [1329971.9205613486, -2086349.8860507126, 2052765.8093300927, 51.07043267947183, 192.49455737344286, -33.24247585280593], [97.14830199101564, -74.51608253712848, 51.07043267947183, 0.004664605337149403, 0.006971929778826082, -0.002873161351792132], [282.55184219054826, -509.0361663865799, 192.49455737344286, 0.006971929778826082, 0.04296048843320237, -0.004389421342052344], [-19.75473498671533, 73.813800410126, -33.24247585280593, -0.002873161351792132, -0.004389421342052344, 0.00906395941781277]]}}