{"40940": {"UTC": "2023-01-01 12:00:00", "state": [[20545967.75973489], [36828419.96168296], [-22830.546774362538], [-2684.2817713211343], [1499.2089237886496], [5.9691972440747465]], "covar": [[389.0343950774534, -346.67169778753833, -0.5385157450293498, 0.01035974966584366, 0.03094925203746681, -5.639753225611982e-06], [-346.67169778753833, 443.8079717237903, 0.7956440761496898, -0.0058309739014483514, -0.036878208133103094, -6.029642214460975e-06], [-0.5385157450293498, 0.7956440761496898, 197.93146321039674, -2.3045273530399184e-05, -7.809879458060443e-05, 6.934106784924586e-06], [0.01035974966584366, -0.0058309739014483514, -2.3045273530399184e-05, 4.083456333770723e-07, 6.49093192885434e-07, 1.610526281087321e-09], [0.03094925203746681, -0.036878208133103094, -7.809879458060443e-05, 6.49093192885434e-07, 3.1878159296986636e-06, -2.71313541201584e-10], [-5.639753225611982e-06, -6.029642214460975e-06, 6.934106784924586e-06, 1.610526281087321e-09, -2.71313541201584e-10, 1.0735051017936505e-06]]}, "90005": {"UTC": "2023-01-01 12:00:00", "state": [[20545916.209873322], [36828539.40120941], [-22816.707209955217], [-2681.9355458870928], [1498.6368432048791], [1205.9650885455824]], "covar": [[341.7541204693792, -333.1620391300447, -139.6389793136824, 0.009071802659137826, 0.029812743735766676, 0.0021621590712291297], [-333.1620391300447, 605.1079174085777, 206.84246198653582, -0.005806132659759824, -0.05024090093628368, -0.007362866858835371], [-139.6389793136824, 206.84246198653582, 207.34481360906508, -0.004632799178667733, -0.019582379999317074, -0.003350143727361392], [0.009071802659137826, -0.005806132659759824, -0.004632799178667733, 4.331333812757623e-07, 5.909715403694722e-07, 2.780825064740571e-07], [0.029812743735766676, -0.05024090093628368, -0.019582379999317074, 5.909715403694722e-07, 4.330850628425683e-06, 4.4887770556597955e-07], [0.0021621590712291297, -0.007362866858835371, -0.003350143727361392, 2.780825064740571e-07, 4.4887770556597955e-07, 9.053288273620668e-07]]}}