{"40697": {"UTC": "2023-07-01 12:00:00", "state": [[-1957270.0613024237], [-5941405.012515108], [3490653.59306731], [-70.24517737570962], [3803.8786795539086], [6419.132208990777]], "covar": [[194.18028145557727, -43.43863966902526, -44.870450807436086, -0.01811139250556441, -0.0360633211256685, 0.06052194362560295], [-43.43863966902526, 111.40534480126718, 148.8196376466541, 0.04119571178265329, 0.1325568343324036, -0.06137261663602883], [-44.870450807436086, 148.8196376466541, 724.3177534364942, 0.18156839432604827, 0.44385685031778294, -0.49215094773759477], [-0.01811139250556441, 0.04119571178265329, 0.18156839432604827, 0.00025026255725155437, 7.06916774463666e-05, -9.457606386364889e-05], [-0.0360633211256685, 0.1325568343324036, 0.44385685031778294, 7.06916774463666e-05, 0.00032575033052524387, -0.00029481630220525295], [0.06052194362560295, -0.06137261663602883, -0.49215094773759477, -9.457606386364889e-05, -0.00029481630220525295, 0.00037542942048739717]]}, "90019": {"UTC": "2023-07-01 12:00:00", "state": [[-1957402.316654165], [-5941503.173954633], [3490615.18834238], [528.907537445368], [-4027.9071500617133], [-6369.948872498405]], "covar": [[1849.6994473127852, -89.72687913607146, 340.9710384012573, -0.01911029156817862, -0.27880603251520203, -0.10770246455262555], [-89.72687913607146, 5127.355408580795, 3492.361585141753, -1.3683241245622257, -5.680356222304714, 0.9546627638292542], [340.9710384012573, 3492.361585141753, 3699.698869275323, -1.1572629853547103, -4.174101762639581, 1.4417118592028269], [-0.01911029156817862, -1.3683241245622257, -1.1572629853547103, 0.002312848792154455, 0.001229509753290621, -3.547410532892095e-05], [-0.27880603251520203, -5.680356222304714, -4.174101762639581, 0.001229509753290621, 0.006632606205061617, -0.0013767835840144738], [-0.10770246455262555, 0.9546627638292542, 1.4417118592028269, -3.547410532892095e-05, -0.0013767835840144738, 0.0008944026649448646]]}}