{"20580": {"UTC": "2023-10-01 12:00:00", "state": [[-1951015.5857175742], [6605472.314222618], [-424525.85476371617], [-6369.851454397674], [-2105.688964031728], [-3581.4105371342494]], "covar": [[640.2103978200055, -15.645353189956879, 233.8922615645034, -0.3311437222687776, 0.5568782447639277, -0.12447172297798911], [-15.645353189956879, 70.28700540438632, -20.11407904129288, 0.06775802987250432, -0.0063735635160195965, 0.0354130284892295], [233.8922615645034, -20.11407904129288, 319.95981166110346, -0.16983386317317734, 0.29542250365562955, -0.06272038211681942], [-0.3311437222687776, 0.06775802987250432, -0.16983386317317734, 0.00028303036196688835, -0.0002922983415524109, -6.725076801684086e-06], [0.5568782447639277, -0.0063735635160195965, 0.29542250365562955, -0.0002922983415524109, 0.0005527235885768596, -0.00012681359404853888], [-0.12447172297798911, 0.0354130284892295, -0.06272038211681942, -6.725076801684086e-06, -0.00012681359404853888, 0.00022935001892529296]]}, "90012": {"UTC": "2023-10-01 12:00:00", "state": [[-1951872.924443838], [6605229.840727004], [-425007.3046112795], [6116.109879549294], [2144.73993989602], [3563.771198045345]], "covar": [[420829.8863404967, 251048.15274733573, 144653.4294660816, 60.19121656736017, -471.0690008109584, -9.066300988479947], [251048.15274733573, 241040.49312788472, 141514.48254367054, -11.873654757325083, -372.380939146925, -42.1947674231672], [144653.4294660816, 141514.48254367054, 294956.0728246586, 35.80454645194342, -294.02654942728367, -16.306418435621246], [60.19121656736017, -11.873654757325083, 35.80454645194342, 0.11144866876595765, -0.035786564898577296, -0.09320615222130998], [-471.0690008109584, -372.380939146925, -294.02654942728367, -0.035786564898577296, 0.6763808238057337, 0.019592796905317927], [-9.066300988479947, -42.1947674231672, -16.306418435621246, -0.09320615222130998, 0.019592796905317927, 0.22582478847626603]]}}