{"40697": {"UTC": "2023-10-01 12:00:00", "state": [[-2667876.938772367], [1602862.792536608], [-6465506.901926921], [6715.8835660839195], [-1062.3278545281487], [-3036.25263311778]], "covar": [[456.58264897720255, -6.523193474840997, -339.2701256837119, 0.09159873173972281, -0.09659171106105136, 0.4920456113503543], [-6.523193474840997, 192.57457459967665, 49.247356272158235, -0.019006915535458933, 0.010264644635935018, -0.03828747489833913], [-339.2701256837119, 49.247356272158235, 380.7613033964838, -0.011999443122929868, 0.07651918209946694, -0.4793237691700437], [0.09159873173972281, -0.019006915535458933, -0.011999443122929868, 6.756857543483397e-05, 2.4343716107968568e-05, 6.48750906046406e-05], [-0.09659171106105136, 0.010264644635935018, 0.07651918209946694, 2.4343716107968568e-05, 0.00022535810752776617, -8.195191839017423e-05], [0.4920456113503543, -0.03828747489833913, -0.4793237691700437, 6.48750906046406e-05, -8.195191839017423e-05, 0.0006547060537378399]]}, "90020": {"UTC": "2023-10-01 12:00:00", "state": [[-2668541.9735881807], [1603007.9155372854], [-6465177.529802315], [-6741.210488739246], [1582.9358409467118], [3060.4044223552633]], "covar": [[75818.0126732117, -15893.741503435174, -4985.0118022294455, -44.83694758757947, 19.93180384621636, -53.406639533305764], [-15893.741503435174, 23611.1587137011, 2849.7764916616566, 13.452778155463728, -5.744246554621727, 14.800648815928302], [-4985.0118022294455, 2849.7764916616566, 8384.459676592687, -2.4669612901456883, -0.1021170095260484, 6.551219497900157], [-44.83694758757947, 13.452778155463728, -2.4669612901456883, 0.03330899000610944, -0.007883814389897142, 0.03154789666520838], [19.93180384621636, -5.744246554621727, -0.1021170095260484, -0.007883814389897142, 0.02390721301105861, -0.011983280864041266], [-53.406639533305764, 14.800648815928302, 6.551219497900157, 0.03154789666520838, -0.011983280864041266, 0.041727000419757014]]}}